1.329780000000000000e+05
1.569040000000000000e+05
8.560200000000000000e+04
8.561900000000000000e+04
4.138480000000000000e+05
5.164200000000000000e+04
1.415560000000000000e+05
1.419910000000000000e+05
7.301900000000000000e+04
1.701190000000000000e+05
3.975490000000000000e+05
2.996870000000000000e+05
2.265960000000000000e+05
1.968180000000000000e+05
2.061040000000000000e+05
3.612900000000000000e+04
1.576140000000000000e+05
2.573700000000000000e+04
1.558190000000000000e+05
1.806800000000000000e+05
1.681770000000000000e+05
3.170560000000000000e+05
2.592110000000000000e+05
9.512400000000000000e+04
9.631000000000000000e+04
9.994000000000000000e+04
7.397800000000000000e+04
3.457800000000000000e+04
2.483040000000000000e+05
1.018750000000000000e+05
7.512000000000000000e+04
3.985200000000000000e+04
1.610250000000000000e+05
2.987500000000000000e+05
2.403400000000000000e+04
1.281800000000000000e+05
2.984910000000000000e+05
2.881990000000000000e+05
1.985870000000000000e+05
2.040700000000000000e+04
4.095730000000000000e+05
3.151130000000000000e+05
2.422670000000000000e+05
5.536600000000000000e+04
1.221530000000000000e+05
2.390800000000000000e+04
8.754500000000000000e+04
4.363270000000000000e+05
3.884760000000000000e+05
3.447280000000000000e+05
1.410200000000000000e+05
3.606620000000000000e+05
3.125720000000000000e+05
9.460000000000000000e+02
8.267000000000000000e+04
2.076990000000000000e+05
6.855000000000000000e+04
2.214700000000000000e+05
1.936730000000000000e+05
1.550790000000000000e+05
1.330130000000000000e+05
1.845320000000000000e+05
1.784680000000000000e+05
3.984700000000000000e+04
7.724300000000000000e+04
2.911180000000000000e+05
4.225660000000000000e+05
2.662630000000000000e+05
1.237500000000000000e+05
3.048130000000000000e+05
3.447680000000000000e+05
2.974010000000000000e+05
2.145690000000000000e+05
2.764260000000000000e+05
4.079220000000000000e+05
1.724030000000000000e+05
1.124140000000000000e+05
2.435910000000000000e+05
2.423260000000000000e+05
2.272380000000000000e+05
2.452670000000000000e+05
3.255460000000000000e+05
4.341250000000000000e+05
7.070600000000000000e+04
1.541400000000000000e+04
2.567350000000000000e+05
3.967110000000000000e+05
3.794980000000000000e+05
2.158880000000000000e+05
4.769700000000000000e+04
3.607200000000000000e+05
2.506410000000000000e+05
1.217120000000000000e+05
2.084990000000000000e+05
9.912800000000000000e+04
1.274510000000000000e+05
6.401900000000000000e+04
2.681300000000000000e+05
3.963190000000000000e+05
1.397950000000000000e+05
